-0.67
0.50
0.25
-1.25
3.63
2.80
-1.25
-0.67
2.80
0.50
-1.71
3.63
0.46
-1.25
2.80
0.46
-1.71
-0.67
0.50
0.25
-1.25
3.63
2.80
-1.25
-0.67
2.80
0.50
-1.71
3.63
0.46
-1.25
2.80
0.46
-1.71
-0.67
0.50
0.25
-1.25
3.63
2.80
-1.25
-0.67
2.80
0.50
-1.71
3.63
0.46
-1.25
2.80
0.46
-1.71
-0.67
0.50
0.25
-1.25
3.63
2.80
-1.25
-0.67
2.80
0.50
-1.71
3.63
0.46
-1.25
2.80
0.46
-1.71
-0.67
0.50
0.25
-1.25
3.63
2.80
-1.25
-0.67
2.80
0.50
-1.71
3.63
0.46
-1.25
2.80
0.46
-1.71
-0.67
0.50
0.25
-1.25
3.63
2.80
-1.25
-0.67
2.80
0.50
-1.71
3.63
0.46
-1.25
2.80
0.46
-1.71
